1 161
2 23
0 0
0 0
0 0
3 11
4 5
5 1
5 1
5 1
5 1
4 5
5 1
5 1
5 1
5 1
0 0
0 0
0 0
3 11
4 5
5 1
5 1
5 1
5 1
4 5
5 1
5 1
5 1
5 1
2 23
0 0
0 0
0 0
3 11
4 5
5 1
5 1
5 1
5 1
4 5
5 1
5 1
5 1
5 1
0 0
0 0
0 0
3 11
4 5
5 1
5 1
5 1
5 1
4 5
5 1
5 1
5 1
5 1
2 1
2 1
2 23
0 0
0 0
0 0
3 11
4 5
5 1
5 1
5 1
5 1
4 5
5 1
5 1
5 1
5 1
0 0
0 0
0 0
3 11
4 5
5 1
5 1
5 1
5 1
4 5
5 1
5 1
5 1
5 1
2 29
0 0
0 0
0 0
3 13
4 5
5 1
5 1
5 1
5 1
4 1
4 5
5 1
5 1
5 1
5 1
4 1
3 1
0 0
0 0
0 0
3 13
4 1
4 5
5 1
5 1
5 1
5 1
4 1
4 5
5 1
5 1
5 1
5 1
3 1
2 1
2 1
2 29
0 0
0 0
0 0
3 13
4 5
5 1
5 1
5 1
5 1
4 1
4 5
5 1
5 1
5 1
5 1
4 1
3 1
0 0
0 0
0 0
3 13
4 1
4 5
5 1
5 1
5 1
5 1
4 1
4 5
5 1
5 1
5 1
5 1
3 1
2 29
0 0
0 0
0 0
3 13
4 5
5 1
5 1
5 1
5 1
4 1
4 5
5 1
5 1
5 1
5 1
4 1
3 1
0 0
0 0
0 0
3 13
4 1
4 5
5 1
5 1
5 1
5 1
4 1
4 5
5 1
5 1
5 1
5 1
3 1